FINAL SET: 0: 20..47
 7.23487907E+07
 3.35813339E+07
 1.55870744E+07
 7.23487907E+06
 3.35813339E+06
 1.55870744E+06
 7.23487907E+05
 3.35813339E+05
 1.55870744E+05
 7.23487907E+04
 3.35813339E+04
 1.55870744E+04
 7.23487907E+03
 3.35813339E+03
 1.55870744E+03
 7.23487907E+02
 3.35813339E+02
 1.55870744E+02
 7.23487907E+01
 3.35813339E+01
 1.55870744E+01
 7.23487907E+00
 3.35813339E+00
 1.55870744E+00
 7.23487907E-01
 3.35813339E-01
 1.55870744E-01
 7.23487907E-02
FINAL SET: 1: 27..47
 3.35813339E+05
 1.55870744E+05
 7.23487907E+04
 3.35813339E+04
 1.55870744E+04
 7.23487907E+03
 3.35813339E+03
 1.55870744E+03
 7.23487907E+02
 3.35813339E+02
 1.55870744E+02
 7.23487907E+01
 3.35813339E+01
 1.55870744E+01
 7.23487907E+00
 3.35813339E+00
 1.55870744E+00
 7.23487907E-01
 3.35813339E-01
 1.55870744E-01
 7.23487907E-02
FINAL SET: 2: 34..46
 1.55870744E+03
 7.23487907E+02
 3.35813339E+02
 1.55870744E+02
 7.23487907E+01
 3.35813339E+01
 1.55870744E+01
 7.23487907E+00
 3.35813339E+00
 1.55870744E+00
 7.23487907E-01
 3.35813339E-01
 1.55870744E-01
FINAL SET: 3: 44
 7.23487907E-01
