FINAL SET: 0: 18..47
 1.66835593E+08
 7.74382227E+07
 3.59436390E+07
 1.66835593E+07
 7.74382227E+06
 3.59436390E+06
 1.66835593E+06
 7.74382227E+05
 3.59436390E+05
 1.66835593E+05
 7.74382227E+04
 3.59436390E+04
 1.66835593E+04
 7.74382227E+03
 3.59436390E+03
 1.66835593E+03
 7.74382227E+02
 3.59436390E+02
 1.66835593E+02
 7.74382227E+01
 3.59436390E+01
 1.66835593E+01
 7.74382227E+00
 3.59436390E+00
 1.66835593E+00
 7.74382227E-01
 3.59436390E-01
 1.66835593E-01
 7.74382227E-02
 3.59436390E-02
FINAL SET: 1: 22..48
 7.74382227E+06
 3.59436390E+06
 1.66835593E+06
 7.74382227E+05
 3.59436390E+05
 1.66835593E+05
 7.74382227E+04
 3.59436390E+04
 1.66835593E+04
 7.74382227E+03
 3.59436390E+03
 1.66835593E+03
 7.74382227E+02
 3.59436390E+02
 1.66835593E+02
 7.74382227E+01
 3.59436390E+01
 1.66835593E+01
 7.74382227E+00
 3.59436390E+00
 1.66835593E+00
 7.74382227E-01
 3.59436390E-01
 1.66835593E-01
 7.74382227E-02
 3.59436390E-02
 1.66835593E-02
FINAL SET: 2: 32..46
 3.59436390E+03
 1.66835593E+03
 7.74382227E+02
 3.59436390E+02
 1.66835593E+02
 7.74382227E+01
 3.59436390E+01
 1.66835593E+01
 7.74382227E+00
 3.59436390E+00
 1.66835593E+00
 7.74382227E-01
 3.59436390E-01
 1.66835593E-01
 7.74382227E-02
FINAL SET: 3: 38..45
 3.59436390E+01
 1.66835593E+01
 7.74382227E+00
 3.59436390E+00
 1.66835593E+00
 7.74382227E-01
 3.59436390E-01
 1.66835593E-01
FINAL SET: 4: 39..44
 1.66835593E+01
 7.74382227E+00
 3.59436390E+00
 1.66835593E+00
 7.74382227E-01
 3.59436390E-01
FINAL SET: 5: 40
 7.74382227E+00
