FINAL SET: 0: 1..28
 8.43512088E+07
 3.91523629E+07
 1.81729170E+07
 8.43512088E+06
 3.91523629E+06
 1.81729170E+06
 8.43512088E+05
 3.91523629E+05
 1.81729170E+05
 8.43512088E+04
 3.91523629E+04
 1.81729170E+04
 8.43512088E+03
 3.91523629E+03
 1.81729170E+03
 8.43512088E+02
 3.91523629E+02
 1.81729170E+02
 8.43512088E+01
 3.91523629E+01
 1.81729170E+01
 8.43512088E+00
 3.91523629E+00
 1.81729170E+00
 8.43512088E-01
 3.91523629E-01
 1.81729170E-01
 8.43512088E-02
FINAL SET: 1: 9..28
 1.81729170E+05
 8.43512088E+04
 3.91523629E+04
 1.81729170E+04
 8.43512088E+03
 3.91523629E+03
 1.81729170E+03
 8.43512088E+02
 3.91523629E+02
 1.81729170E+02
 8.43512088E+01
 3.91523629E+01
 1.81729170E+01
 8.43512088E+00
 3.91523629E+00
 1.81729170E+00
 8.43512088E-01
 3.91523629E-01
 1.81729170E-01
 8.43512088E-02
FINAL SET: 2: 16..27
 8.43512088E+02
 3.91523629E+02
 1.81729170E+02
 8.43512088E+01
 3.91523629E+01
 1.81729170E+01
 8.43512088E+00
 3.91523629E+00
 1.81729170E+00
 8.43512088E-01
 3.91523629E-01
 1.81729170E-01
FINAL SET: 3: 25
 8.43512088E-01
