FINAL SET: 0: 1..30
 1.00653301E+08
 4.67191238E+07
 2.16850963E+07
 1.00653301E+07
 4.67191238E+06
 2.16850963E+06
 1.00653301E+06
 4.67191238E+05
 2.16850963E+05
 1.00653301E+05
 4.67191238E+04
 2.16850963E+04
 1.00653301E+04
 4.67191238E+03
 2.16850963E+03
 1.00653301E+03
 4.67191238E+02
 2.16850963E+02
 1.00653301E+02
 4.67191238E+01
 2.16850963E+01
 1.00653301E+01
 4.67191238E+00
 2.16850963E+00
 1.00653301E+00
 4.67191238E-01
 2.16850963E-01
 1.00653301E-01
 4.67191238E-02
 2.16850963E-02
FINAL SET: 1: 5..30
 4.67191238E+06
 2.16850963E+06
 1.00653301E+06
 4.67191238E+05
 2.16850963E+05
 1.00653301E+05
 4.67191238E+04
 2.16850963E+04
 1.00653301E+04
 4.67191238E+03
 2.16850963E+03
 1.00653301E+03
 4.67191238E+02
 2.16850963E+02
 1.00653301E+02
 4.67191238E+01
 2.16850963E+01
 1.00653301E+01
 4.67191238E+00
 2.16850963E+00
 1.00653301E+00
 4.67191238E-01
 2.16850963E-01
 1.00653301E-01
 4.67191238E-02
 2.16850963E-02
FINAL SET: 2: 14..29
 4.67191238E+03
 2.16850963E+03
 1.00653301E+03
 4.67191238E+02
 2.16850963E+02
 1.00653301E+02
 4.67191238E+01
 2.16850963E+01
 1.00653301E+01
 4.67191238E+00
 2.16850963E+00
 1.00653301E+00
 4.67191238E-01
 2.16850963E-01
 1.00653301E-01
 4.67191238E-02
FINAL SET: 3: 20..27
 4.67191238E+01
 2.16850963E+01
 1.00653301E+01
 4.67191238E+00
 2.16850963E+00
 1.00653301E+00
 4.67191238E-01
 2.16850963E-01
FINAL SET: 4: 21..27
 2.16850963E+01
 1.00653301E+01
 4.67191238E+00
 2.16850963E+00
 1.00653301E+00
 4.67191238E-01
 2.16850963E-01
FINAL SET: 5: 22
 1.00653301E+01
