FINAL SET: 0: 23..50
 1.05671028E+08
 4.90481464E+07
 2.27661328E+07
 1.05671028E+07
 4.90481464E+06
 2.27661328E+06
 1.05671028E+06
 4.90481464E+05
 2.27661328E+05
 1.05671028E+05
 4.90481464E+04
 2.27661328E+04
 1.05671028E+04
 4.90481464E+03
 2.27661328E+03
 1.05671028E+03
 4.90481464E+02
 2.27661328E+02
 1.05671028E+02
 4.90481464E+01
 2.27661328E+01
 1.05671028E+01
 4.90481464E+00
 2.27661328E+00
 1.05671028E+00
 4.90481464E-01
 2.27661328E-01
 1.05671028E-01
FINAL SET: 1: 31..50
 2.27661328E+05
 1.05671028E+05
 4.90481464E+04
 2.27661328E+04
 1.05671028E+04
 4.90481464E+03
 2.27661328E+03
 1.05671028E+03
 4.90481464E+02
 2.27661328E+02
 1.05671028E+02
 4.90481464E+01
 2.27661328E+01
 1.05671028E+01
 4.90481464E+00
 2.27661328E+00
 1.05671028E+00
 4.90481464E-01
 2.27661328E-01
 1.05671028E-01
FINAL SET: 2: 38..49
 1.05671028E+03
 4.90481464E+02
 2.27661328E+02
 1.05671028E+02
 4.90481464E+01
 2.27661328E+01
 1.05671028E+01
 4.90481464E+00
 2.27661328E+00
 1.05671028E+00
 4.90481464E-01
 2.27661328E-01
FINAL SET: 3: 48
 4.90481464E-01
