FINAL SET: 0: 8..46
 1.13663767E+08
 6.39178332E+07
 3.59436390E+07
 2.02125936E+07
 1.13663767E+07
 6.39178332E+06
 3.59436390E+06
 2.02125936E+06
 1.13663767E+06
 6.39178332E+05
 3.59436390E+05
 2.02125936E+05
 1.13663767E+05
 6.39178332E+04
 3.59436390E+04
 2.02125936E+04
 1.13663767E+04
 6.39178332E+03
 3.59436390E+03
 2.02125936E+03
 1.13663767E+03
 6.39178332E+02
 3.59436390E+02
 2.02125936E+02
 1.13663767E+02
 6.39178332E+01
 3.59436390E+01
 2.02125936E+01
 1.13663767E+01
 6.39178332E+00
 3.59436390E+00
 2.02125936E+00
 1.13663767E+00
 6.39178332E-01
 3.59436390E-01
 2.02125936E-01
 1.13663767E-01
 6.39178332E-02
 3.59436390E-02
FINAL SET: 1: 13..47
 6.39178332E+06
 3.59436390E+06
 2.02125936E+06
 1.13663767E+06
 6.39178332E+05
 3.59436390E+05
 2.02125936E+05
 1.13663767E+05
 6.39178332E+04
 3.59436390E+04
 2.02125936E+04
 1.13663767E+04
 6.39178332E+03
 3.59436390E+03
 2.02125936E+03
 1.13663767E+03
 6.39178332E+02
 3.59436390E+02
 2.02125936E+02
 1.13663767E+02
 6.39178332E+01
 3.59436390E+01
 2.02125936E+01
 1.13663767E+01
 6.39178332E+00
 3.59436390E+00
 2.02125936E+00
 1.13663767E+00
 6.39178332E-01
 3.59436390E-01
 2.02125936E-01
 1.13663767E-01
 6.39178332E-02
 3.59436390E-02
 2.02125936E-02
FINAL SET: 2: 26..45
 3.59436390E+03
 2.02125936E+03
 1.13663767E+03
 6.39178332E+02
 3.59436390E+02
 2.02125936E+02
 1.13663767E+02
 6.39178332E+01
 3.59436390E+01
 2.02125936E+01
 1.13663767E+01
 6.39178332E+00
 3.59436390E+00
 2.02125936E+00
 1.13663767E+00
 6.39178332E-01
 3.59436390E-01
 2.02125936E-01
 1.13663767E-01
 6.39178332E-02
FINAL SET: 3: 34..43
 3.59436390E+01
 2.02125936E+01
 1.13663767E+01
 6.39178332E+00
 3.59436390E+00
 2.02125936E+00
 1.13663767E+00
 6.39178332E-01
 3.59436390E-01
 2.02125936E-01
FINAL SET: 4: 35..42
 2.02125936E+01
 1.13663767E+01
 6.39178332E+00
 3.59436390E+00
 2.02125936E+00
 1.13663767E+00
 6.39178332E-01
 3.59436390E-01
FINAL SET: 5: 36
 1.13663767E+01
