FINAL SET: 0: 1..39
 9.80722628E+07
 5.51500862E+07
 3.10131726E+07
 1.74399886E+07
 9.80722628E+06
 5.51500862E+06
 3.10131726E+06
 1.74399886E+06
 9.80722628E+05
 5.51500862E+05
 3.10131726E+05
 1.74399886E+05
 9.80722628E+04
 5.51500862E+04
 3.10131726E+04
 1.74399886E+04
 9.80722628E+03
 5.51500862E+03
 3.10131726E+03
 1.74399886E+03
 9.80722628E+02
 5.51500862E+02
 3.10131726E+02
 1.74399886E+02
 9.80722628E+01
 5.51500862E+01
 3.10131726E+01
 1.74399886E+01
 9.80722628E+00
 5.51500862E+00
 3.10131726E+00
 1.74399886E+00
 9.80722628E-01
 5.51500862E-01
 3.10131726E-01
 1.74399886E-01
 9.80722628E-02
 5.51500862E-02
 3.10131726E-02
FINAL SET: 1: 6..39
 5.51500862E+06
 3.10131726E+06
 1.74399886E+06
 9.80722628E+05
 5.51500862E+05
 3.10131726E+05
 1.74399886E+05
 9.80722628E+04
 5.51500862E+04
 3.10131726E+04
 1.74399886E+04
 9.80722628E+03
 5.51500862E+03
 3.10131726E+03
 1.74399886E+03
 9.80722628E+02
 5.51500862E+02
 3.10131726E+02
 1.74399886E+02
 9.80722628E+01
 5.51500862E+01
 3.10131726E+01
 1.74399886E+01
 9.80722628E+00
 5.51500862E+00
 3.10131726E+00
 1.74399886E+00
 9.80722628E-01
 5.51500862E-01
 3.10131726E-01
 1.74399886E-01
 9.80722628E-02
 5.51500862E-02
 3.10131726E-02
FINAL SET: 2: 19..38
 3.10131726E+03
 1.74399886E+03
 9.80722628E+02
 5.51500862E+02
 3.10131726E+02
 1.74399886E+02
 9.80722628E+01
 5.51500862E+01
 3.10131726E+01
 1.74399886E+01
 9.80722628E+00
 5.51500862E+00
 3.10131726E+00
 1.74399886E+00
 9.80722628E-01
 5.51500862E-01
 3.10131726E-01
 1.74399886E-01
 9.80722628E-02
 5.51500862E-02
FINAL SET: 3: 27..36
 3.10131726E+01
 1.74399886E+01
 9.80722628E+00
 5.51500862E+00
 3.10131726E+00
 1.74399886E+00
 9.80722628E-01
 5.51500862E-01
 3.10131726E-01
 1.74399886E-01
FINAL SET: 4: 28..35
 1.74399886E+01
 9.80722628E+00
 5.51500862E+00
 3.10131726E+00
 1.74399886E+00
 9.80722628E-01
 5.51500862E-01
 3.10131726E-01
FINAL SET: 5: 29
 9.80722628E+00
