FINAL SET: 0: 1..36
 6.17991323E+07
 3.47522060E+07
 1.95426015E+07
 1.09896125E+07
 6.17991323E+06
 3.47522060E+06
 1.95426015E+06
 1.09896125E+06
 6.17991323E+05
 3.47522060E+05
 1.95426015E+05
 1.09896125E+05
 6.17991323E+04
 3.47522060E+04
 1.95426015E+04
 1.09896125E+04
 6.17991323E+03
 3.47522060E+03
 1.95426015E+03
 1.09896125E+03
 6.17991323E+02
 3.47522060E+02
 1.95426015E+02
 1.09896125E+02
 6.17991323E+01
 3.47522060E+01
 1.95426015E+01
 1.09896125E+01
 6.17991323E+00
 3.47522060E+00
 1.95426015E+00
 1.09896125E+00
 6.17991323E-01
 3.47522060E-01
 1.95426015E-01
 1.09896125E-01
FINAL SET: 1: 11..37
 1.95426015E+05
 1.09896125E+05
 6.17991323E+04
 3.47522060E+04
 1.95426015E+04
 1.09896125E+04
 6.17991323E+03
 3.47522060E+03
 1.95426015E+03
 1.09896125E+03
 6.17991323E+02
 3.47522060E+02
 1.95426015E+02
 1.09896125E+02
 6.17991323E+01
 3.47522060E+01
 1.95426015E+01
 1.09896125E+01
 6.17991323E+00
 3.47522060E+00
 1.95426015E+00
 1.09896125E+00
 6.17991323E-01
 3.47522060E-01
 1.95426015E-01
 1.09896125E-01
 6.17991323E-02
FINAL SET: 2: 20..35
 1.09896125E+03
 6.17991323E+02
 3.47522060E+02
 1.95426015E+02
 1.09896125E+02
 6.17991323E+01
 3.47522060E+01
 1.95426015E+01
 1.09896125E+01
 6.17991323E+00
 3.47522060E+00
 1.95426015E+00
 1.09896125E+00
 6.17991323E-01
 3.47522060E-01
 1.95426015E-01
FINAL SET: 3: 33
 6.17991323E-01
