FINAL SET: 0: 1..37
 8.43512088E+07
 4.74341705E+07
 2.66741943E+07
 1.50000018E+07
 8.43512088E+06
 4.74341705E+06
 2.66741943E+06
 1.50000018E+06
 8.43512088E+05
 4.74341705E+05
 2.66741943E+05
 1.50000018E+05
 8.43512088E+04
 4.74341705E+04
 2.66741943E+04
 1.50000018E+04
 8.43512088E+03
 4.74341705E+03
 2.66741943E+03
 1.50000018E+03
 8.43512088E+02
 4.74341705E+02
 2.66741943E+02
 1.50000018E+02
 8.43512088E+01
 4.74341705E+01
 2.66741943E+01
 1.50000018E+01
 8.43512088E+00
 4.74341705E+00
 2.66741943E+00
 1.50000018E+00
 8.43512088E-01
 4.74341705E-01
 2.66741943E-01
 1.50000018E-01
 8.43512088E-02
FINAL SET: 1: 11..37
 2.66741943E+05
 1.50000018E+05
 8.43512088E+04
 4.74341705E+04
 2.66741943E+04
 1.50000018E+04
 8.43512088E+03
 4.74341705E+03
 2.66741943E+03
 1.50000018E+03
 8.43512088E+02
 4.74341705E+02
 2.66741943E+02
 1.50000018E+02
 8.43512088E+01
 4.74341705E+01
 2.66741943E+01
 1.50000018E+01
 8.43512088E+00
 4.74341705E+00
 2.66741943E+00
 1.50000018E+00
 8.43512088E-01
 4.74341705E-01
 2.66741943E-01
 1.50000018E-01
 8.43512088E-02
FINAL SET: 2: 21..35
 8.43512088E+02
 4.74341705E+02
 2.66741943E+02
 1.50000018E+02
 8.43512088E+01
 4.74341705E+01
 2.66741943E+01
 1.50000018E+01
 8.43512088E+00
 4.74341705E+00
 2.66741943E+00
 1.50000018E+00
 8.43512088E-01
 4.74341705E-01
 2.66741943E-01
FINAL SET: 3: 33
 8.43512088E-01
