FINAL SET: 0: 21..50
 1.51778558E+08
 7.04493659E+07
 3.26996990E+07
 1.51778558E+07
 7.04493659E+06
 3.26996990E+06
 1.51778558E+06
 7.04493659E+05
 3.26996990E+05
 1.51778558E+05
 7.04493659E+04
 3.26996990E+04
 1.51778558E+04
 7.04493659E+03
 3.26996990E+03
 1.51778558E+03
 7.04493659E+02
 3.26996990E+02
 1.51778558E+02
 7.04493659E+01
 3.26996990E+01
 1.51778558E+01
 7.04493659E+00
 3.26996990E+00
 1.51778558E+00
 7.04493659E-01
 3.26996990E-01
 1.51778558E-01
 7.04493659E-02
 3.26996990E-02
FINAL SET: 1: 25..50
 7.04493659E+06
 3.26996990E+06
 1.51778558E+06
 7.04493659E+05
 3.26996990E+05
 1.51778558E+05
 7.04493659E+04
 3.26996990E+04
 1.51778558E+04
 7.04493659E+03
 3.26996990E+03
 1.51778558E+03
 7.04493659E+02
 3.26996990E+02
 1.51778558E+02
 7.04493659E+01
 3.26996990E+01
 1.51778558E+01
 7.04493659E+00
 3.26996990E+00
 1.51778558E+00
 7.04493659E-01
 3.26996990E-01
 1.51778558E-01
 7.04493659E-02
 3.26996990E-02
FINAL SET: 2: 35..49
 3.26996990E+03
 1.51778558E+03
 7.04493659E+02
 3.26996990E+02
 1.51778558E+02
 7.04493659E+01
 3.26996990E+01
 1.51778558E+01
 7.04493659E+00
 3.26996990E+00
 1.51778558E+00
 7.04493659E-01
 3.26996990E-01
 1.51778558E-01
 7.04493659E-02
FINAL SET: 3: 41..48
 3.26996990E+01
 1.51778558E+01
 7.04493659E+00
 3.26996990E+00
 1.51778558E+00
 7.04493659E-01
 3.26996990E-01
 1.51778558E-01
FINAL SET: 4: 41..47
 3.26996990E+01
 1.51778558E+01
 7.04493659E+00
 3.26996990E+00
 1.51778558E+00
 7.04493659E-01
 3.26996990E-01
FINAL SET: 5: 43
 7.04493659E+00
