FINAL SET: 0: 12..50
 1.03405528E+08
 5.81492014E+07
 3.26996990E+07
 1.83883921E+07
 1.03405528E+07
 5.81492014E+06
 3.26996990E+06
 1.83883921E+06
 1.03405528E+06
 5.81492014E+05
 3.26996990E+05
 1.83883921E+05
 1.03405528E+05
 5.81492014E+04
 3.26996990E+04
 1.83883921E+04
 1.03405528E+04
 5.81492014E+03
 3.26996990E+03
 1.83883921E+03
 1.03405528E+03
 5.81492014E+02
 3.26996990E+02
 1.83883921E+02
 1.03405528E+02
 5.81492014E+01
 3.26996990E+01
 1.83883921E+01
 1.03405528E+01
 5.81492014E+00
 3.26996990E+00
 1.83883921E+00
 1.03405528E+00
 5.81492014E-01
 3.26996990E-01
 1.83883921E-01
 1.03405528E-01
 5.81492014E-02
 3.26996990E-02
FINAL SET: 1: 17..50
 5.81492014E+06
 3.26996990E+06
 1.83883921E+06
 1.03405528E+06
 5.81492014E+05
 3.26996990E+05
 1.83883921E+05
 1.03405528E+05
 5.81492014E+04
 3.26996990E+04
 1.83883921E+04
 1.03405528E+04
 5.81492014E+03
 3.26996990E+03
 1.83883921E+03
 1.03405528E+03
 5.81492014E+02
 3.26996990E+02
 1.83883921E+02
 1.03405528E+02
 5.81492014E+01
 3.26996990E+01
 1.83883921E+01
 1.03405528E+01
 5.81492014E+00
 3.26996990E+00
 1.83883921E+00
 1.03405528E+00
 5.81492014E-01
 3.26996990E-01
 1.83883921E-01
 1.03405528E-01
 5.81492014E-02
 3.26996990E-02
FINAL SET: 2: 30..49
 3.26996990E+03
 1.83883921E+03
 1.03405528E+03
 5.81492014E+02
 3.26996990E+02
 1.83883921E+02
 1.03405528E+02
 5.81492014E+01
 3.26996990E+01
 1.83883921E+01
 1.03405528E+01
 5.81492014E+00
 3.26996990E+00
 1.83883921E+00
 1.03405528E+00
 5.81492014E-01
 3.26996990E-01
 1.83883921E-01
 1.03405528E-01
 5.81492014E-02
FINAL SET: 3: 38..47
 3.26996990E+01
 1.83883921E+01
 1.03405528E+01
 5.81492014E+00
 3.26996990E+00
 1.83883921E+00
 1.03405528E+00
 5.81492014E-01
 3.26996990E-01
 1.83883921E-01
FINAL SET: 4: 39..46
 1.83883921E+01
 1.03405528E+01
 5.81492014E+00
 3.26996990E+00
 1.83883921E+00
 1.03405528E+00
 5.81492014E-01
 3.26996990E-01
FINAL SET: 5: 40
 1.03405528E+01
