FINAL SET: 0: 1..29
 9.80722628E+07
 4.55211120E+07
 2.11290285E+07
 9.80722628E+06
 4.55211120E+06
 2.11290285E+06
 9.80722628E+05
 4.55211120E+05
 2.11290285E+05
 9.80722628E+04
 4.55211120E+04
 2.11290285E+04
 9.80722628E+03
 4.55211120E+03
 2.11290285E+03
 9.80722628E+02
 4.55211120E+02
 2.11290285E+02
 9.80722628E+01
 4.55211120E+01
 2.11290285E+01
 9.80722628E+00
 4.55211120E+00
 2.11290285E+00
 9.80722628E-01
 4.55211120E-01
 2.11290285E-01
 9.80722628E-02
 4.55211120E-02
FINAL SET: 1: 5..30
 4.55211120E+06
 2.11290285E+06
 9.80722628E+05
 4.55211120E+05
 2.11290285E+05
 9.80722628E+04
 4.55211120E+04
 2.11290285E+04
 9.80722628E+03
 4.55211120E+03
 2.11290285E+03
 9.80722628E+02
 4.55211120E+02
 2.11290285E+02
 9.80722628E+01
 4.55211120E+01
 2.11290285E+01
 9.80722628E+00
 4.55211120E+00
 2.11290285E+00
 9.80722628E-01
 4.55211120E-01
 2.11290285E-01
 9.80722628E-02
 4.55211120E-02
 2.11290285E-02
FINAL SET: 2: 14..29
 4.55211120E+03
 2.11290285E+03
 9.80722628E+02
 4.55211120E+02
 2.11290285E+02
 9.80722628E+01
 4.55211120E+01
 2.11290285E+01
 9.80722628E+00
 4.55211120E+00
 2.11290285E+00
 9.80722628E-01
 4.55211120E-01
 2.11290285E-01
 9.80722628E-02
 4.55211120E-02
FINAL SET: 3: 20..27
 4.55211120E+01
 2.11290285E+01
 9.80722628E+00
 4.55211120E+00
 2.11290285E+00
 9.80722628E-01
 4.55211120E-01
 2.11290285E-01
FINAL SET: 4: 21..27
 2.11290285E+01
 9.80722628E+00
 4.55211120E+00
 2.11290285E+00
 9.80722628E-01
 4.55211120E-01
 2.11290285E-01
FINAL SET: 5: 22
 9.80722628E+00
