FINAL SET: 0: 1..27
 6.17991323E+07
 2.86846162E+07
 1.33142194E+07
 6.17991323E+06
 2.86846162E+06
 1.33142194E+06
 6.17991323E+05
 2.86846162E+05
 1.33142194E+05
 6.17991323E+04
 2.86846162E+04
 1.33142194E+04
 6.17991323E+03
 2.86846162E+03
 1.33142194E+03
 6.17991323E+02
 2.86846162E+02
 1.33142194E+02
 6.17991323E+01
 2.86846162E+01
 1.33142194E+01
 6.17991323E+00
 2.86846162E+00
 1.33142194E+00
 6.17991323E-01
 2.86846162E-01
 1.33142194E-01
FINAL SET: 1: 8..28
 2.86846162E+05
 1.33142194E+05
 6.17991323E+04
 2.86846162E+04
 1.33142194E+04
 6.17991323E+03
 2.86846162E+03
 1.33142194E+03
 6.17991323E+02
 2.86846162E+02
 1.33142194E+02
 6.17991323E+01
 2.86846162E+01
 1.33142194E+01
 6.17991323E+00
 2.86846162E+00
 1.33142194E+00
 6.17991323E-01
 2.86846162E-01
 1.33142194E-01
 6.17991323E-02
FINAL SET: 2: 15..26
 1.33142194E+03
 6.17991323E+02
 2.86846162E+02
 1.33142194E+02
 6.17991323E+01
 2.86846162E+01
 1.33142194E+01
 6.17991323E+00
 2.86846162E+00
 1.33142194E+00
 6.17991323E-01
 2.86846162E-01
FINAL SET: 3: 25
 6.17991323E-01
