FINAL SET: 0: 14..50
 1.05671028E+08
 5.94231859E+07
 3.34161131E+07
 1.87912613E+07
 1.05671028E+07
 5.94231859E+06
 3.34161131E+06
 1.87912613E+06
 1.05671028E+06
 5.94231859E+05
 3.34161131E+05
 1.87912613E+05
 1.05671028E+05
 5.94231859E+04
 3.34161131E+04
 1.87912613E+04
 1.05671028E+04
 5.94231859E+03
 3.34161131E+03
 1.87912613E+03
 1.05671028E+03
 5.94231859E+02
 3.34161131E+02
 1.87912613E+02
 1.05671028E+02
 5.94231859E+01
 3.34161131E+01
 1.87912613E+01
 1.05671028E+01
 5.94231859E+00
 3.34161131E+00
 1.87912613E+00
 1.05671028E+00
 5.94231859E-01
 3.34161131E-01
 1.87912613E-01
 1.05671028E-01
FINAL SET: 1: 25..50
 1.87912613E+05
 1.05671028E+05
 5.94231859E+04
 3.34161131E+04
 1.87912613E+04
 1.05671028E+04
 5.94231859E+03
 3.34161131E+03
 1.87912613E+03
 1.05671028E+03
 5.94231859E+02
 3.34161131E+02
 1.87912613E+02
 1.05671028E+02
 5.94231859E+01
 3.34161131E+01
 1.87912613E+01
 1.05671028E+01
 5.94231859E+00
 3.34161131E+00
 1.87912613E+00
 1.05671028E+00
 5.94231859E-01
 3.34161131E-01
 1.87912613E-01
 1.05671028E-01
FINAL SET: 2: 34..49
 1.05671028E+03
 5.94231859E+02
 3.34161131E+02
 1.87912613E+02
 1.05671028E+02
 5.94231859E+01
 3.34161131E+01
 1.87912613E+01
 1.05671028E+01
 5.94231859E+00
 3.34161131E+00
 1.87912613E+00
 1.05671028E+00
 5.94231859E-01
 3.34161131E-01
 1.87912613E-01
FINAL SET: 3: 47
 5.94231859E-01
