FINAL SET: 0: 1..39
 1.00653301E+08
 5.66015107E+07
 3.18293685E+07
 1.78989693E+07
 1.00653301E+07
 5.66015107E+06
 3.18293685E+06
 1.78989693E+06
 1.00653301E+06
 5.66015107E+05
 3.18293685E+05
 1.78989693E+05
 1.00653301E+05
 5.66015107E+04
 3.18293685E+04
 1.78989693E+04
 1.00653301E+04
 5.66015107E+03
 3.18293685E+03
 1.78989693E+03
 1.00653301E+03
 5.66015107E+02
 3.18293685E+02
 1.78989693E+02
 1.00653301E+02
 5.66015107E+01
 3.18293685E+01
 1.78989693E+01
 1.00653301E+01
 5.66015107E+00
 3.18293685E+00
 1.78989693E+00
 1.00653301E+00
 5.66015107E-01
 3.18293685E-01
 1.78989693E-01
 1.00653301E-01
 5.66015107E-02
 3.18293685E-02
FINAL SET: 1: 6..39
 5.66015107E+06
 3.18293685E+06
 1.78989693E+06
 1.00653301E+06
 5.66015107E+05
 3.18293685E+05
 1.78989693E+05
 1.00653301E+05
 5.66015107E+04
 3.18293685E+04
 1.78989693E+04
 1.00653301E+04
 5.66015107E+03
 3.18293685E+03
 1.78989693E+03
 1.00653301E+03
 5.66015107E+02
 3.18293685E+02
 1.78989693E+02
 1.00653301E+02
 5.66015107E+01
 3.18293685E+01
 1.78989693E+01
 1.00653301E+01
 5.66015107E+00
 3.18293685E+00
 1.78989693E+00
 1.00653301E+00
 5.66015107E-01
 3.18293685E-01
 1.78989693E-01
 1.00653301E-01
 5.66015107E-02
 3.18293685E-02
FINAL SET: 2: 19..38
 3.18293685E+03
 1.78989693E+03
 1.00653301E+03
 5.66015107E+02
 3.18293685E+02
 1.78989693E+02
 1.00653301E+02
 5.66015107E+01
 3.18293685E+01
 1.78989693E+01
 1.00653301E+01
 5.66015107E+00
 3.18293685E+00
 1.78989693E+00
 1.00653301E+00
 5.66015107E-01
 3.18293685E-01
 1.78989693E-01
 1.00653301E-01
 5.66015107E-02
FINAL SET: 3: 27..36
 3.18293685E+01
 1.78989693E+01
 1.00653301E+01
 5.66015107E+00
 3.18293685E+00
 1.78989693E+00
 1.00653301E+00
 5.66015107E-01
 3.18293685E-01
 1.78989693E-01
FINAL SET: 4: 28..35
 1.78989693E+01
 1.00653301E+01
 5.66015107E+00
 3.18293685E+00
 1.78989693E+00
 1.00653301E+00
 5.66015107E-01
 3.18293685E-01
FINAL SET: 5: 29
 1.00653301E+01
