FINAL SET: 0: 10..45
 7.23487907E+07
 4.06847148E+07
 2.28786965E+07
 1.28656365E+07
 7.23487907E+06
 4.06847148E+06
 2.28786965E+06
 1.28656365E+06
 7.23487907E+05
 4.06847148E+05
 2.28786965E+05
 1.28656365E+05
 7.23487907E+04
 4.06847148E+04
 2.28786965E+04
 1.28656365E+04
 7.23487907E+03
 4.06847148E+03
 2.28786965E+03
 1.28656365E+03
 7.23487907E+02
 4.06847148E+02
 2.28786965E+02
 1.28656365E+02
 7.23487907E+01
 4.06847148E+01
 2.28786965E+01
 1.28656365E+01
 7.23487907E+00
 4.06847148E+00
 2.28786965E+00
 1.28656365E+00
 7.23487907E-01
 4.06847148E-01
 2.28786965E-01
 1.28656365E-01
FINAL SET: 1: 20..46
 2.28786965E+05
 1.28656365E+05
 7.23487907E+04
 4.06847148E+04
 2.28786965E+04
 1.28656365E+04
 7.23487907E+03
 4.06847148E+03
 2.28786965E+03
 1.28656365E+03
 7.23487907E+02
 4.06847148E+02
 2.28786965E+02
 1.28656365E+02
 7.23487907E+01
 4.06847148E+01
 2.28786965E+01
 1.28656365E+01
 7.23487907E+00
 4.06847148E+00
 2.28786965E+00
 1.28656365E+00
 7.23487907E-01
 4.06847148E-01
 2.28786965E-01
 1.28656365E-01
 7.23487907E-02
FINAL SET: 2: 29..44
 1.28656365E+03
 7.23487907E+02
 4.06847148E+02
 2.28786965E+02
 1.28656365E+02
 7.23487907E+01
 4.06847148E+01
 2.28786965E+01
 1.28656365E+01
 7.23487907E+00
 4.06847148E+00
 2.28786965E+00
 1.28656365E+00
 7.23487907E-01
 4.06847148E-01
 2.28786965E-01
FINAL SET: 3: 42
 7.23487907E-01
